7374459227602289418
7254263026702091040
7254218441358623523
7254280920655561504
7255931741259449103
7254237389449675520
7254358320857219878
7258313621229683493
7254472928770016034
7430814902140486460
7254234540326880000
7254445550300545807
7375389248390857481
7376296011541627660
7375502229517812480
7375158190718370572
7374311731873907468
7360723349327594252
7359902845757653787
7359526170901480218
7359018145492878115
7358437875203097394
7357288576063046411
7356217844528399145
7355466447378252585
7354915942168609548
7354631123432964879
7354610256444605193
7354021545285534518
7353836916133331764
7353535133007463209
7353296644332634915
7374803419359953673
7373814416657859363
7254383167636800314
7255139708878062351
7259063812618617661
7255319014900892427
7255108791514759999
7255944359690388264
7354199045630427945
7330316747311203123
7374054503156941622
7374405491864552226
7255538875462943507
7254300697885246267
7268493351669924669
7254596926531765027
7286849413372445459
7254242954817831732
7259287504423338812
7260840679210156834
7255493494898213673
7352889641105703717
7352517259354915596
7352431013522686760
7351755884228559616
7351430192466871092
7351063681558184744
7351044965780177698
7350693953475937063
7350663317410661154
7350593816833262377
7350562443540235059
7350477130168288052
7350479853513048895
7350446882429518655
7350390258548851496
7350307513059771162
7345091638169273123
7424503136897975100
7380806560803111715
7430446705483481914
7374636237841236776
7374148867313533750
7374343078955582246
7372600477954392868
7369918186965959433
7254430019949183799
7378304878823785254
7364410732723847936
7353141220292035391
7269397525831582522
7293696147150226185
7262014409719382823
7254301608795849472
7256816124447654671
7333256170386129714
7266467351892345636
7259368086590210816
7274582397982376756
7259611401748366141
7261225786656473868
7261774711477601079
7269032612906353419
7258562556246623012
7261131082078012160
7262637957859853116
7263340999693533986
7342565018665911051
7342034144572392244
7338750738526470923
7338436908751864603
7337128237040239370
7336571416193942272
7336210154390831913
7334131758173504271
7333970641694065434
7333842598690571017
7333533847811310370
7333240915811746623
7332391651706913545
7256992204127011647
7255951099261109055
7267349297657414461
7332869652986987264
7372851087503606539
7268666297985024768
7254393426627806007
7261373008786522934
7259021527814669111
7260558675470893882
7274363094686941967
7350537472399754035
7264088992903562003
7267549686633530148
7275308910214316800
7285016703237423935
7284124192340017960
7254614848801555203
7267362387563938620
7261685794213217076
7259163387710784311
7267395759518810936
7262222265060131647
7271975052220187429
7317673689767248690
7263776988820669219
7293345751160275723
7331018643671106304
7330922270568973082
7330659958104720143
7330651401863938850
7330639107188687631
7330629674228122379
7330606829435323162
7330542120907981578
7330481170347901730
7330461932011455268
7330424122470073139
7330344981784380170
7330292577235239699
7328237537980465971
7327263697167614747
7324508644023714598
7322429194632184612
7321753260679185204
7261792928958481186
7266990499860103951
7321196771627254563
7255855120045785891
7268996613674484480
7322826687649055488
7330883809090536230
7331045501883810614
7314470586989757210
7258451268707336972
7333134978743632675
7264193335169860411
7285811373719323449
7261042364948218663
7281440140676121356
7282815324569961277
7258600190801707816
7313576708232659763
7259011572693484349
7261992947679675151
7254224614359319335
7274592120902730553
7267468913972380416
7284612617452094242
7260126752750601001
7264387976871641893
7261579435178459945
7266980587650695994
7274856920787354383
7320980199020036902
7319099897666994983
7318432624413901622
7316699392071975732
7316120066968585000
7315817435045856035
7315443697099997963
7315404872064795404
7315080352551977743
7314699916168495912
7313869605586453267
7313464891011040011
7313048436580090639
7312895352415601423
7312456993729217290
7295239003644773155
7298634789459952395
7298000902899303231
7295003964114125603
7260351792578970420
7287791469979566907
7330560855682122531
7310225016507138852
7267099797306802998
7285364395533550392
7260170571220337443
7338827724964463369
7281950438425019170
7300349072484352831
7284966694462882618
7255557111236051773
7254370589526360836
7258977979337540364
7292633376782336805
7254240834446639928
7264517992075215628
7259565943218897724
7262349683312362280
7267411035161969463
7258927977059959606
7271224706873787190
7280535126496641807
7262768667945960244
7334090494642766643
7303069116575056675
7264570901505033015
7266949390757036852
7266870510227047228
7310599423384994601
7295339706635600681
7294273421105103670
7293921640944321315
7293876095508923176
7293534035232867124
7293433906476024610
7293395705787040546
7293197729769325323
7293175609227264819
7290213109821915967
7289014937043632930
7287600797204972343
7285962744020648738
7286084033724531490
7267430190040220435
7286336200456880959
7279450550477931319
7264134030290223927
7256025062343476009
7300109127313294090
7256346161400021775
7316166344399242019
7285224610244674358
7354986050719318835
7286769602183316261
7261637059524592445
7258981667510911805
7263790096687235901
7294573044861141772
7263837264102835007
7265335272967209769
7263511941325570853
7267222240646267648
7273326302068572980
7263256420160750394
7261930171166507787
7267141955871425337
7274518889638314813
7255102402927264547
7267206128282747684
7261855773293609763
7267202186114188087
7262347152923099945
7260768592592519976
7260360999390626620
7323257166987002624
7264182641854645031
7284885989276238655
7286638633645015869
7285884694981280548
7285762205509239552
7285726907219657511
7285561357758546745
7285521814410117942
7285410607963570978
7285318306667660071
7285192250874118973
7284950279576830779
7284814031692350265
7284768583342293816
7285393390236173119
7283997844988691215
7284103940524917562
7285608677930779404
7285335827319325495
7284639068075361081
7283730090184377145
7284561929326232356
7255113388064375586
7257373536435454775
7258613584182674215
7268714959847424809
7267169598829822779
7259274553469240122
7259289383009829666
7264827805778625341
7261594032269214479
7259022639841379087
7267843924433142586
7264245306412335913
7259394994368086847
7275369299987759926
7261068301680263971
7263480886753149708
7334662515480429363
7260961786587874100
7276729457862820660
7264460666038649640
7264617049442386699
7259269391693955897
7261051209019441983
7259649380688397092
7260504982549136164
7264079734819947324
7262670352286319397
7284653331238044471
7284646876116304699
7284146869491401531
7283175640872878863
7283065794866725688
7282465948954002210
7282391392184369957
7282295126969336617
7282276714099671842
7281877265481433913
7281278752872235830
7281167231609602875
7281070334898438964
7279822436254122808
7279071910117769995
7282372002149008188
7280124166904202019
7282349183540790068
7280588625170481983
7257848943311799055
7279700042234790697
7278575801325798199
7255080091465270076
7254385661531816719
7264555713472987962
7271268091291321100
7263387598541407033
7330816968390738738
7269942990113915706
7286457038363427623
7264815458011644708
7274125489408443176
7260795260648669967
7266861638706905915
7263277153265402663
7262005574965986084
7264476824402314038
7267209743000519464
7274828031445041980
7262582640305390397
7265363496324498211
7269019074200896267
7263716890059965203
7274874775528424246
7259766256394617634
7267145736780514109
7275968870266667791
7263831211629675299
7261394811444511529
7265271747741188898
7280947941635703593
7279027492337435407
7277468028157068090
7277278524736832271
7276697848309220136
7276463561826861824
7276433645194707768
7276374497207436091
7276078874692731663
7276009513114927884
7276054211232727843
7274809847843996431
7275616530020074292
7277961005404062476
7277123286194455350
7277779989905752890
7255853862103139106
7275486159164736314
7255434542595982099
7255130967555425035
7265357062451315515
7264910975459377931
7262663901959471931
7263654838306947851
7270405882801996603
7261562844852077367
7274540246397272888
7264547400575796009
7274393086472700683
7286215505894949689
7263442571694277436
7261516945434051367
7270162576087876367
7262381771638735657
7259268574840767291
7271889042304107319
7261094245770183463
7268839992487002938
7267324285915923252
7262045325065061154
7267045068556862249
7267901806544913186
7276496712784888634
7262297656930779967
7264864051599000359
7262322690962424610
7260807234304066338
7275568799474221887
7274268592304390946
7274188519944700691
7274180625841390355
7274101056685851433
7274056088718377782
7274049180116468521
7273821939676169019
7273782529319125799
7271832437343388453
7271669310857478923
7277468028157068090
7275968870266667791
7274762561823146791
7271669310857478923
7267069313391084328
7265948206582760192
7265608641200751419
7264487492500636468
7263906785672889148
7263846521014289189
7263100351959728896
7262336407916823331
7261930171166507787
7261892460287197989
7261193876748190505
7260931978982196022
7260035030122316600
7259179934743511849
7258562556246623012
7350593816833262377
7330424122470073139
7315783861063992116
7313869605586453267
7294894786396980031
7293876095508923176
7284639068075361081
7280230930462819113
7279700042234790697
7277278524736832271
7274180625841390355
7273821939676169019
7268550443839292200
7266027314784715555
7264099796402012967
7264084091979694882
7262360761162711863
7262279261243228943
7262005574965986084
7261163999911281449
7260907960291935035
7374311731873907468
7374148867313533750
7354631123432964879
7350562443540235059
7333970641694065434
7330445113950290699
7316166344399242019
7315443697099997963
7293345751160275723
7284124192340017960
7283730090184377145
7281167231609602875
7279071910117769995
7267895535330198332
7264870124716393271
7264617049442386699
7264581002424959780
7264494059350442812
7264471983701115682
7264193335169860411
7262687227426177826
7262365164370985763
7261985212799845179
7261644115599131452
7261611281316545291
7261125310564533044
7259265084283061026
7258613584182674215
7255113388064375586
7254628036196729634
7254229997810909964
7369918186965959433
7342034144572392244
7333533847811310370
7330461932011455268
7274049180116468521
7271379601334240055
7269175230621893376
7267647397537448743
7264279131897365285
7263983392881836836
7260368492653822781
7259970997888942904
7259649380688397092
7259287504423338812
7255864087175283519
7372947402879861545
7342565018665911051
7299368791871816463
7289014937043632930
7286769602183316261
7284612617452094242
7280444355180446500
7280019170119828285
7279822436254122808
7274056088718377782
7270179667503776512
7269019074200896267
7267373520182379323
7267308876465980179
7264591587374580514
7264189290094428982
7264143297248183040
7264103748866982675
7263857364456342324
7263806231738385188
7263412636582052644
7262116036681450275
7261632248302486312
7261616337537254203
7261528221580690215
7261021334988636982
7260678437474435897
7259361822134256440
7258999487410209591
7254247694063043385
7374803419359953673
7353141220292035391
7350537472399754035
7340659096343446284
7314699916168495912
7293197729769325323
7286849413372445459
7284982728272855863
7284796540575712034
7274423502559544123
7270978564068786956
7270096995862725391
7267485087837799228
7265327552984793892
7265177494008070972
7264879475510739769
7264054867415991099
7263821354083681059
7262961278938547004
7262678058266837812
7262298420977976098
7261968461235651388
7261541986242921227
7261225786656473868
7260536811734090556
7259790744981750584
7259749302070805285
7259330761694102284
7259248110043693881
7256001010384175913
7254595623982252834
7254237265412571959
7355926992787292982
7350477130168288052
7350307513059771162
7333240915811746623
7324508644023714598
7316120066968585000
7315670667243455258
7286695959898997540
7286336200456880959
7285783951410823997
7285318306667660071
7285295031757144888
7285192250874118973
7284561929326232356
7278575801325798199
7276433645194707768
7276318563740091192
7274163563346199348
7271643279836644154
7270849568068764427
7264803706292650771
7264533496872600356
7263747422743331640
7262447421556245306
7262405570841297700
7262330347067835177
7262310159152775947
7261483376908043068
7261409045726511931
7260852947193070395
7255125398736306963
7255027208375730956
7375502229517812480
7351110746988872483
7350479853513048895
7313576708232659763
7293395705787040546
7292633376782336805
7287791469979566907
7286457038363427623
7285003774560584482
7281950438425019170
7281506807226270498
7276463561826861824
7274614766428701459
7274434210101412642
7274393086472700683
7266411948564300599
7262573154077328185
7262562965202879287
7262356257318028093
7261995297957708585
7261968729046991635
7261373008786522934
7261059095027827512
7260710883508634425
7260008278443328268
7259754166120776487
7259265899852038912
7259249920346948387
7259138016177128244
7259035764804830004
7259024160583467811
7255557111236051773
7255171090997232425
7254775984771269409
7254508741609210656
7254341305479578428
7365167685737857801
7364410732723847936
7336571416193942272
7334662515480429363
7294573044861141772
7293921640944321315
7286215505894949689
7285884694981280548
7284950279576830779
7284768583342293816
7284193924381426471
7279053650022384384
7274469063114392383
7268695841698923298
7267162796240126783
7264453290628514620
7263796923508310803
7263649556667106102
7263035626822730515
7262028437723398969
7260385594688340796
7259691197979362088
7259317058440495927
7259237490057151244
7259162616021861156
7259030338839642936
7256395547429651263
7375027007274386216
7353535133007463209
7334090494642766643
7331018643671106304
7320980199020036902
7316699392071975732
7293534035232867124
7284936633140216633
7283887318627664698
7282295126969336617
7278324456355218235
7278306164629422907
7274540246397272888
7268948438578004794
7267102870691955475
7265374885902566202
7264519855003861795
7258976314978272058
7255952962873459516
7255265319484244797
7255107045304255291
7354915942168609548
7338750738526470923
7333256170386129714
7323257166987002624
7321355561008694051
7294138267086455561
7286373230619788073
7286063913464218402
7285410607963570978
7284493500006122299
7284251256443732791
7281278752872235830
7279337411574088483
7278668853595685666
7274506758582797114
7273750111787451148
7272587255847699236
7271251001851593535
7265139085903528765
7264225004023005989
7263761795700785954
7263736907077976884
7263700421373199162
7262939468658737972
7261621406851908412
7261075737585697577
7259808802957050659
7259248411345257228
7259205413311955770
7259186558032151356
7259167996198683404
7259139733690434367
7259040782786020151
7259024191143510824
7258959208195146530
7256385515992761088
7256341918581080887
7256025062343476009
7255993269401633571
7255080091465270076
7254424495686714152
7254374465726202658
7359526170901480218
7356217844528399145
7354986050719318835
7350910129275536154
7336210154390831913
7330987357514941194
7330883809090536230
7315404872064795404
7294273421105103670
7293557070392312612
7286476599800922939
7285224610244674358
7284579406533690123
7284532801847657216
7283175640872878863
7282391392184369957
7280181677368263439
7278615996939174671
7262282537002730292
7261758948927406905
7261548103974044450
7259588333802095399
7259250114187117369
7259228361901441853
7259215243108352768
7259205208357585725
7259185882321748755
7259025871142159162
7258609116964537103
7257366680530944824
7255987751215301387
7255973871605957413
7255130967555425035
7254650683483013903
7254613281670710068
7254379907047736064
7352889641105703717
7352517259354915596
7351430192466871092
7345091638169273123
7337128237040239370
7335722570027008819
7334131758173504271
7332922660471538469
7331045501883810614
7330816968390738738
7330629674228122379
7330542120907981578
7325473553385161507
7321753260679185204
7300959722785915711
7295239003644773155
7285364395533550392
7284646876116304699
7283443010053014329
7271085923994469132
7266847455827264312
7261451622634111803
7260441090351514405
7260134742816179005
7259287841121043236
7259160690970133307
7259158246324503348
7258943669059093304
7258573520358523708
7258486728955200295
7256389580608750394
7255997954929328936
7255948412717089570
7255135258240156427
7255109555335988023
7254370996046725947
7375158190718370572
7354610256444605193
7353296644332634915
7350390258548851496
7285762205509239552
7284446582102639423
7279027492337435407
7265263791621030696
7263467019009393467
7262950112204538624
7259425200369877818
7259229590718743333
7259225397966357303
7259213126237831972
7259189675695817512
7259176072929919800
7259162939004093195
7259153570795160379
7259133256356053815
7259019123294765880
7258993435321844517
7258987481433260855
7257218319215297335
7257100985662440228
7256805105068245801
7256238374977078050
7256188477083026195
7255864957610656571
7255862464734561061
7255540618473505551
7254951951351595836
7254519824180151100
7254394137293964087
7254337453775176486
7254328627754664704
7254307632583377698
7358437875203097394
7351063681558184744
7350465786622722879
7339126365196878631
7330659958104720143
7313000800610370339
7310520907382260532
7286900283475641148
7286030794871030580
7285925992340980491
7284661910451766057
7284630267905344271
7284284086913811258
7278742655209734967
7268249063484408636
7266998591826559784
7259037727495275325
7259019479518151436
7258999107712074552
7258991892304741179
7258961566106895104
7258597175373480765
7258583490459255608
7257545346607072054
7257529339184595771
7257072469697643305
7256229845998453558
7256028821467087628
7255548852660470569
7255539564507366202
7255257827513762599
7255123646179738403
7254554040117363513
7254336305671176993
7254318460943106850
7376296011541627660
7373814416657859363
7372600477954392868
7370407156966949643
7352574667889361675
7333842598690571017
7333230076656108322
7284914212689232703
7281745477102895907
7278917198777189177
7268582109706994490
7263768791880188706
7259407727805137725
7259266357115372323
7259234206924342050
7259102608500622120
7259040242061181737
7259037259512185636
7259014498944877348
7259002684244542266
7258997853392962360
7258970571404657442
7258817514460807996
7258629510786204435
7258617157361124152
7258573663341921078
7257338330957628195
7257327276551209780
7256624576778814227
7256356476779447097
7256224277727331132
7256093915446870824
7256017024647217981
7255967806984979215
7255949960922628864
7255937997156205375
7255933612750357260
7255596322987606824
7255595128416076600
7255587897877152572
7255446922353722173
7255363202438693690
7255161651342803770
7255155188062061364
7255144930732950306
7255073450862740259
7254944581988844329
7254600365832127284
7254370124244812604
7254364025708872463
7375389248390857481
7374054503156941622
7341353016115331903
7319453785213534987
7313229673780953893
7293786859720033059
7286423921553179453
7285280847568290620
7263816028524725029
7259053031727039232
7259022244265149195
7258981359514370879
7258927206469288765
7258617708571984700
7258591791925625637
7258573713338041128
7258567432410399545
7258561889238811432
7258464628467663631
7258323285024097058
7257399411637830434
7257389098360914744
7257359868841968395
7257337996784747325
7257318176123208489
7257098987873600256
7257094518024717097
7257052720984507195
7256806253435323170
7256630348343673661
7256580896417055522
7256580147784303399
7256379221646574388
7256369660970812223
7256357609908896531
7256354801893786383
7256344452859872061
7256330988682429245
7256286329356682040
7256251650896216871
7256239103771312953
7255951099261109055
7255937493526348599
7255937088259441423
7255927455737971495
7255546633936552764
7255532990003102504
7255477397788902181
7255470924521128760
7255434542595982099
7255419846384452409
7255403786842768143
7255161540922917651
7255151232460882748
7255142072012243771
7255140657832198923
7255136798204216105
7255134722962506531
7255134344581448507
7255116535105356585
7255110737540956991
7255103738636141353
7254993115848753975
7254611932124513057
7254610972801942324
7254606009497797391
7254557076181287738
7254550035366101792
7254548745189556996
7254479675299414822
7254394359604282170
7254390988494619431
7254378357525250877
7254370016987759415
7254369921995014915
7254367560202715962
7254363995388986172
7254335093752234756
7254320123590787872
7254316584087896890
7254315232066765629
7254231380728021794
7353836916133331764
7343903416722654002
7287600797204972343
7284146869491401531
7266035382356509459
7263773031909540662
7259354543053865787
7259115970744337207
7259038653937599269
7259031218016502539
7259013384023343907
7259012893563011898
7259011203836445455
7259006951425295138
7258997817187124004
7258989457892737832
7258981072154952500
7258978724794630952
7258970957284885284
7258958671538062136
7258957402677330749
7258936487734461223
7258892490019144504
7258660829871686461
7258634155276976911
7258607324277080847
7258590803075924795
7258589253713150759
7258575410090427147
7258569067584521012
7258517722689798964
7258514072059478844
7258471285889319680
7257855532210373376
7257848943311799055
7257463841654260539
7257373536435454775
7257317959155663628
7257207728211477305
7257194030949401381
7257186148781490999
7257099575969891131
7257077240721277757
7256907554961310521
7256805813023687458
7256794390503621413
7256787568703734585
7256766445018923832
7256634058963338024
7256615191861019447
7256588542943609615
7256490080897041206
7256392006543983396
7256387867639087907
7256377668529275667
7256242803268518690
7256233398028403514
7256232661882094394
7256015958660547384
7255973269748007739
7255948887462363943
7255948585555264267
7255945945086067492
7255945856824755002
7255935152571515708
7255922281241953081
7255873470629298999
7255863954692506409
7255857280020759331
7255853862103139106
7255849898988438307
7255735916307596032
7255603327873598243
7255560677359289100
7255557378179171131
7255553835052466978
7255552863706055458
7255552117459993385
7255538875462943507
7255507098543440681
7255461727469519651
7255262304156730127
7255259647539217167
7255166519141811001
7255166469125538575
7255144772087759627
7255144171069145910
7255139463293207353
7255133240321901346
7255107701993571128
7255104765340042036
7255099141671174931
7255056165204443963
7255055616888587065
7254994115577905972
7254958353171071783
7254773483837408039
7254739825378788099
7254619406013317888
7254610072722342688
7254605335518839564
7254603964048802563
7254601839860253500
7254597061893653309
7254596926531765027
7254592752032187136
7254472108557435682
7254467785321399097
7254392925671490304
7254392035167290173
7254389137683825442
7254387891148604197
7254377542361989947
7254376511649579813
7254370589526360836
7254366318261420839
7254365308512502585
7254363218352964387
7254356369775788852
7254353074012570424
7254348986512048951
7254339894389506853
7254333387434165025
7254315051003577123
7254311097364267837
7254300515935421222
7254290721761444667
7254237244528542516
7254233277131948815
7254228931480535846
7374280192955826996
7372851087503606539
7361440813865599759
7359018145492878115
7357288576063046411
7354021545285534518
7352431013522686760
7351755884228559616
7330366756655743784
7328237537980465971
7289893248508019492
7287172614732333861
7264166485160018727
7262621652453147444
7261266249010545423
7261109278945166139
7260921941228503848
7260895528396309307
7260336619209966336
7259889418000106300
7259760193893761803
7259744564658258703
7259055680711607074
7259050924857279232
7259040067980296971
7259039058072339235
7259034137334694715
7259031715426992935
7259018145968489255
7259017271484482358
7259016360301364002
7259011422264771362
7259009723970175785
7259007926756033299
7259007702628565760
7258999452068610816
7258991163469071161
7258983329540719396
7258957280817234725
7258953841721475899
7258942696601289535
7258933621947646781
7258831240584626984
7258627209081340733
7258617000766276411
7258614267959460660
7258601661831529274
7258600467020759867
7258597876178862907
7258590153664299811
7258589249665991458
7258588860321252159
7258550710224192317
7258547061087519507
7258546829318144828
7258281418014540602
7257896392337113917
7257851699770704674
7257534310659490595
7257531241967895336
7257530041218384681
7257521772546966283
7257384484407608100
7257375305470968613
7257366066988860219
7257364837537121043
7257342622615208704
7257342227915064104
7257341937056793380
7257227359216354063
7257215606256141097
7257201693129442083
7257129357255721740
7257112890426540854
7257050229203288847
7257038893698466571
7257037506436350779
7257033249780073276
7256876116492206859
7256820154863141671
7256818679794565925
7256815692980618043
7256637333054292747
7256632811447550754
7256596421464834853
7256419150239105807
7256419016783250217
7256386554179535673
7256382655875433275
7256357998866973498
7256345601435321143
7256261614302774016
7256247232071795514
7256245433365054223
7256241339925644086
7256229626359890725
7256226956210553635
7256221341400384317
7256035865620267832
7256006590133175079
7255986496497763087
7255985158615974697
7255946512986506041
7255944942671987468
7255944775349027623
7255944699462189843
7255942157084033807
7255940497197253391
7255938571671716642
7255937040591799055
7255936869199020819
7255929956860019493
7255894608729801484
7255866708665008907
7255864275833914171
7255857814006334208
7255854123308073728
7255835484802581260
7255673355599692596
7255605049153700608
7255595440435217187
7255590361489048375
7255560808585773865
7255550581724398370
7255535455995036450
7255531681413710627
7255494645739373373
7255418507650171706
7255395903552914216
7255347211575116605
7255264540726903563
7255255173533254412
7255252373983478569
7255193106914902847
7255172356213080893
7255162577574363943
7255158455945511741
7255148175206466340
7255144103905002276
7255138729478767412
7255132773580931852
7255124037478400825
7255119221854798592
7255112247176643382
7255108583691436854
7255108095142462220
7255106775883514680
7255090826673292090
7255057160589443851
7254993795137356578
7254783588645143328
7254635722270999307
7254631713174815491
7254630915368174376
7254630955300913955
7254619767259955971
7254613026150023988
7254607390123901731
7254606482548654882
7254606358450864936
7254605624469881632
7254605222956860172
7254603375541551887
7254602283764761356
7254562867126764323
7254521372197323531
7254480026022986511
7254468027810726714
7254389777767252771
7254389111459578635
7254382899486737167
7254382649065325369
7254381645795771191
7254381592370004796
7254377220038050618
7254374655115674423
7254372549604754213
7254371410155717431
7254370790397215488
7254370788256744195
7254366906386498304
7254365984021611320
7254364464848372515
7254362859152720697
7254361852167291708
7254360758258058023
7254360357703123715
7254355459028828939
7254350025291399994
7254349469775889186
7254349375077712699
7254343759642526521
7254341713841406755
7254339617867072313
7254337098462495544
7254332779289920259
7254312920653218616
7254281613952975628
7254262412228330301
7254259391536825123
7254256917957706554
7254234686264066868
7254227249711973175
7424503136897975100
7374405491864552226
7369079080883634996
7368140989963469603
7360723349327594252
7359902845757653787
7357616378960970505
7355466447378252585
7350693953475937063
7350446882429518655
7327263697167614747
7326387280192406309
7286121383176110867
7285587737884508991
7284622062734476086
7275342476977537848
7274951673271829303
7274408720736551717
7274245142310814500
7274206476197086008
7274198017547617082
7274088468413924108
7273677197877314344
7273649001752068927
7271497996351669028
7270825101519536936
7270052927707529995
7269439808183173928
7267841068959499068
7265565765037916965
7265254549920842551
7264505141372437307
7264311826212406071
7264204294932349748
7264151511676470071
7264125186856993590
7264067950960395067
7263815701491434301
7263688774001312551
7263476661961655094
7263164373366604605
7263085044167541558
7263028730720846632
7262980316024177423
7262926093903479567
7262194567175897897
7262182849470006016
7261585862353503034
7261273298121229110
7261256958001677095
7261252878144127805
7261235028990329637
7261189506971599657
7261170556308013882
7260882849850475301
7260790158696383266
7260701794425865023
7260641618222908217
7260576567754556199
7260431443879936783
7260057512844526355
7259970999306650426
7259719133368517415
7259304732660400953
7259113437262758719
7259103940229301048
7259024175532393276
7259022273771815736
7259018920567735103
7259015467813602102
7258999105627751207
7258996492483085091
7258995365700764428
7258995216765125387
7258968426949067532
7258960791071572794
7258954315430167359
7258954250208887564
7258951736038589218
7258951459709764413
7258945169792779044
7258940573272015627
7258915944897332005
7258899284991918908
7258583287416193828
7258577224042595129
7258575278891385661
7258553494255567655
7258322887902757632
7258320934581912335
7258317076337722124
7258312178301797154
7258312151596712743
7258309814769730344
7258273400912560951
7258102565999854377
7257899974108726031
7257858816682361652
7257857631061410618
7257855428775756585
7257562102361015099
7257543109570675510
7257541100027462461
7257537078069838649
7257532144435381028
7257425414275646223
7257384734787371832
7257382927931097875
7257366650206159673
7257320963665150755
7257320873874375481
7257227670853288758
7257200906726114108
7257190853201478435
7257189064179450681
7257186819639903037
7257186058826793769
7257178879587205943
7257139945008399139
7257119212987630392
7257089010861441850
7257052752134751011
7257032653043745591
7256818446897709883
7256815046456673082
7256804745067152182
7256802095666561846
7256801993527018300
7256794570620715791
7256686586007536425
7256637236598522639
7256629184473727798
7256627286832628514
7256606656275874601
7256568385516569405
7256410754508817193
7256397819056751417
7256387438388888357
7256369903778005821
7256369556452410123
7256350101110440744
7256349941852767015
7256323087116370745
7256245216548586274
7256242779142161167
7256241311980028726
7256234193800282892
7256229077220016911
7256033796825760553
7256026106703430400
7256021054009656099
7256020649179939624
7256017739507155752
7256011741611770682
7256010256424813312
7256008866289222419
7256005178431144738
7256004798670029604
7255993891076883215
7255989052821062461
7255988530202805033
7255978332105327394
7255975455160566564
7255948186136412980
7255947428893164328
7255945085669524263
7255944856399414031
7255944516338058044
7255941578904240933
7255941257233482515
7255941223739048767
7255938730274521913
7255937212733719353
7255932560043541303
7255885165204980499
7255858309772526388
7255856487494468409
7255852813421413154
7255847867196801853
7255807599953380107
7255592549229970191
7255591780064789282
7255585168122512162
7255557543735378749
7255555476783006516
7255552394694542116
7255551044061610793
7255543225371853579
7255531416463803193
7255461209708233528
7255397137642292003
7255286510348550973
7255261506295743271
7255248076264162082
7255158571712070435
7255156170108158757
7255155463695745811
7255152534695494460
7255151386648019723
7255146835072025381
7255139136784073524
7255130795013063484
7255130186164962108
7255128411293860663
7255127606197289767
7255126464303006475
7255117974864003877
7255106787581477671
7255105779945063183
7255046095843132217
7255017637645271847
7255016161825129252
7255010836752876340
7254995315555992375
7254992956079293184
7254951934535303988
7254948072664761122
7254947113816900352
7254938758981288738
7254930657389855488
7254898330178061113
7254689585753948985
7254652872292762402
7254648483772433210
7254642225539433227
7254637125844435769
7254626309241881384
7254618886972195622
7254617341945594627
7254617199179612940
7254615485839573771
7254614720974439208
7254608541217768224
7254608202515219215
7254607186566628100
7254606888083096332
7254606866432525091
7254606566946423552
7254606578534679308
7254602171643200294
7254601870990213921
7254600191659279142
7254599605239939878
7254599441365369657
7254598918988759823
7254598744129110823
7254577709169476385
7254565092984849155
7254557494315336503
7254549854373724986
7254522306969338680
7254508791008527144
7254479801201066752
7254479673480004404
7254479646573806392
7254460699928396559
7254450620241134371
7254394630988841780
7254389839805137702
7254389791939986216
7254389759782355764
7254389066052715324
7254388564544193340
7254388311514776360
7254386829985661751
7254386459829666560
7254385661531816719
7254385225773908791
7254384471406887741
7254382352109339427
7254381230539883301
7254380614178210599
7254380236816237327
7254379525865521935
7254379364178936608
7254378986728850191
7254377718334538508
7254377380956275494
7254374952069268258
7254374505572041507
7254373249876853561
7254370954095215412
7254364078260355895
7254363830787687179
7254362833479303995
7254362590004265787
7254362551190258432
7254362558474634041
7254362537775989562
7254361932604982071
7254358974555374336
7254356984824546088
7254356823082468152
7254356229668782904
7254355176562836239
7254355120606135092
7254354404190061350
7254353970607817529
7254350086552126263
7254349861239423781
7254348812968297273
7254348436597342980
7254348201187820288
7254348011261625125
7254347975115375399
7254347668943012611
7254346561965703939
7254346329086018361
7254346126408090372
7254330672398680889
7254330497949631266
7254313148634972980
7254310905650283297
7254310145709507389
7254308283216003878
7254260269542474499
7254251876115170100
7254251505951294246
7254245484742935333
7254233321663218487
7254229533094855457
7254224783419425575
7254224250654737187
7254219673126028065
7254219540955317048
7254219515318649640
7254218557922624256
7430446705483481914
7388783046554501929
7380312485385569034
7378760031968576283
7371157704319419187
7367915985746461475
7357987830289400613
7356990646517924642
7355721026435646258
7354762462548099892
7354401226329342758
7354309678513308427
7353246219340808994
7352072709637538612
7351251305313157939
7350999689132835636
7350842932680147739
7350678762272768777
7350640798058529570
7350620595426263848
7350521566395138852
7346931259563688715
7342897696879919926
7338663278262698790
7333295483438007074
7333182009052250906
7331406443251909411
7330922270568973082
7330584008659616563
7313938120280785683
7313173087750161192
7313117995320361762
7308710276525556532
7296760871752860467
7293494084823827236
7293187329555415808
7293160267755406091
7291202346171597583
7289321271237231420
7287412161948795683
7286865185716519721
7286045687144842039
7285139719866893116
7284869009227547432
7284843229802398520
7284602300823503635
7284377608920646412
7284311172790158121
7284234455882449664
7283520333201949495
7283360635272889103
7283143783280460602
7282596910442070818
7282065001346728744
7280771918529184568
7280390969954239284
7279791407748203316
7279741304735662902
7279430404485612324
7278069936554083127
7277051648643253055
7276952544223822631
7276716033514717964
7275800760410522407
7275724791901569855
7275677512326464316
7275231892482540307
7275190620556198708
7274982837135491879
7274967487874450231
7274894867971719996
7274676272684647205
7274609440110789395
7274570072672043837
7274528888469996349
7274459272006845184
7274447556510335783
7274213459041813284
7274172332943426360
7274150071003775778
7274137116354315069
7274091603756942116
7274074187706073871
7274066448716284709
7274039704059134754
7274027969373897507
7274009953371030324
7273978157417923386
7273890963805094695
7273869801562784547
7273860940889490176
7273725788951085839
7273700814585430841
7273558903110255394
7273424826148619048
7273379031533044535
7273058601962177336
7273006181697667880
7272921098491642682
7272691983977186106
7272643248808002364
7272352697829950260
7272288896019481403
7272239371444519695
7272045509140529959
7271907867732001577
7271862805791687424
7271549232543548172
7271462691536749346
7271187422875779876
7270887000819024697
7270742788656137020
7270140471958291252
7269989882989904699
7269787421474259751
7269417756956181303
7269371687820608275
7269063545651282747
7268948439022699323
7268933837346177807
7268337685726905144
7268175336452555580
7267953212290892603
7267820021605876535
7267785238842573579
7267561276539257634
7267214613455061800
7267197255383352064
7267181873998005032
7267132881612505871
7267123718307922743
7267109671223624500
7267029347003908922
7267022299558134586
7266802328081613607
7266766001861542713
7266697684160103207
7266660810402333500
7266543706882229007
7265658591364006668
7265345029416895272
7265287005058581304
7265245826572747539
7265227607724425996
7265038308236133181
7264986768029156096
7264967308216812323
7264899125820277523
7264858011466089231
7264844173702251298
7264820025160516387
7264634356214743823
7264595450757202745
7264587811655025468
7264584364775015168
7264577574545195810
7264574849841742592
7264560769013580604
7264538728918926138
7264526886872253242
7264514236910306083
7264499695019148095
7264481961773941504
7264446977185301284
7264422691687908136
7264234345472656165
7264198897177690940
7264095412414677818
7264027300608377641
7263890370709848851
7263873319307772728
7263853407437882171
7263765790758355771
7263755119602058024
7263742186486448931
7263732036040164157
7263673241788105530
7263624702818665231
7263527658063135524
7263503944616477476
7263494921524577087
7263447747696771859
7263435399405765431
7263381435947451171
7263330941204398909
7263324587374641957
7263309571804168997
7263123230645863229
7263119939844899621
7263105782631203603
7263096996285580071
7263087801510462271
7263010026577675062
7262861279626527522
7262748272388555559
7262735897689473848
7262730362227376933
7262707247997469474
7262650657587790631
7262600741851972408
7262592109198639928
7262504502753542953
7262333852927230754
7262289804133040951
7262273394287575847
7262264452195402515
7262250444579537676
7262244195996353332
7262237516929254199
7262230244931732259
7262167952282846007
7262069156165026572
7261970190274249487
7261948309315912509
7261926488763663159
7261910167028925218
7261901099904779043
7261848891628241721
7261836548894835508
7261732385015661331
7261665749910569765
7261571813360304935
7261534898119689015
7261472783401927463
7261261615927247653
7261214612879442723
7261146747618034473
7261139443947193151
7261009947848246028
7260887094427943739
7260874002779079461
7260858572719768383
7260845959642497833
7260834250336158522
7260745209796985641
7260545735589872418
7260527442703303443
7260500073392915212
7260425561129747257
7260419027200623397
7260404533624144701
7260320413690577727
7260276715406443283
7260102187980129076
7260066719913706296
7260047779068756747
7259677053553230652
7259439688808727357
7259403462209946431
7259375145571599156
7259245984957530941
7259234057552003874
7259233883874558776
7259222141971088140
7259218107662287657
7259212586149905208
7259188331395842876
7259168773483447079
7259111850334946089
7259074752345310009
7259064072979825469
7259063209486566199
7259054785796801315
7259052051677086525
7259043211946754877
7259035563633148712
7259022587283292943
7259022517472903970
7259019444486243131
7259015854606943037
7259015378562548535
7259009219511255819
7259001549669516071
7259001465699009335
7258998395338130195
7258994269804184359
7258988405090140943
7258988350449992508
7258987371230724905
7258983752298660660
7258976147341591351
7258970718050222905
7258969681993859875
7258967918900380471
7258962443974787895
7258962250588013375
7258961860107977527
7258956603485930292
7258954517387215675
7258950067612271397
7258943385699975993
7258624669539566348
7258616730913194771
7258613614620656441
7258611336886879034
7258610475578065716
7258609368278434599
7258586816382255906
7258580020892009274
7258577433787220772
7258576761226920738
7258573246365582117
7258566687581422351
7258560732177613607
7258544713799516964
7258322255489549112
7258318499977184060
7258308582834799418
7258308538618430267
7258305471529353984
7258298789357912871
7258297273498845963
7258099822275773243
7257854537964274467
7257849089331643195
7257547710923260712
7257547560486470400
7257541634186478396
7257537455187575587
7257536664644469543
7257535077550359357
7257534729322742589
7257530571970085669
7257529863128286015
7257527274345808675
7257520031771591436
7257421049674990399
7257392133904057125
7257390052307993407
7257388649343255351
7257386214692963107
7257381799687635724
7257379768188896057
7257371530610803497
7257370228350288692
7257361868263047951
7257359096524882723
7257245466788791096
7257232480356336438
7257230696509408037
7257228712566293303
7257225966261437199
7257223171781755667
7257217165391790860
7257207716677108521
7257202584640848697
7257181044809581349
7257118479977890572
7257110621903815465
7257073034006659859
7257015856013230860
7256987100585673527
7256873080952423203
7256819785203286819
7256810626000405267
7256808137663169280
7256807342607860539
7256796520451162935
7256796425920955196
7256783180715410191
7256783182812463908
7256783100553478964
7256746980939318073
7256638448303522571
7256633292668633911
7256631520462275340
7256622291236274955
7256600226823471884
7256594491032191799
7256569444141712143
7256413357467829007
7256409448285291327
7256409027977249572
7256407905972585251
7256405958200443667
7256396445669376783
7256394065171268406
7256389426455593785
7256380707467248443
7256378457176539939
7256376813387154231
7256373754396312360
7256369393935418123
7256359695131132709
7256348270199571240
7256346910671668007
7256337899665277696
7256243025298686779
7256238437178819388
7256228842934911804
7256183056632496930
7256035190219408128
7256030868773700387
7256025694206591802
7256025367659938600
7256025276726805289
7256024753545593635
7256018382913946424
7256018180954309430
7256015559450821430
7256013671825359668
7256012411202798376
7256006598031721257
7255998665435808573
7255992446890672907
7255989818356679464
7255988539253408523
7255980779305026345
7255980608567821075
7255976437940323130
7255949751501407033
7255947610615006008
7255945750377399080
7255939019988910911
7255938419321881405
7255936466093196073
7255936038454543158
7255933850987086604
7255929043562955578
7255928716723241769
7255906275925607225
7255863893791179578
7255857797324702501
7255851918047265593
7255847137140032267
7255843838575592211
7255839201756087074
7255741440696943412
7255739236037755688
7255601995585700649
7255588312152261430
7255579455007376183
7255564513650737972
7255555283567870772
7255553487160607544
7255551710738613004
7255549089982071567
7255548093956047652
7255543813908218676
7255527343703606068
7255460542680187682
7255447616758416163
7255446749039903542
7255443105045070592
7255435056481616652
7255432929126581049
7255432151369581349
7255422856590345020
7255394816316441378
7255385438906876728
7255349249712702208
7255336704000525091
7255321201227449147
7254572950182937404
7254825511095321356
7254218549002109757
7254247384590779193
7295685915573732115
7258581466606584633
7259266456091968271
7278184756695794444
7260200414901322531
7260114669150192442
7255279901710861112
7255252873335767808
7255223629737198390
7255208840709538600
7255184678256542520
7255165884389245735
7255165739378836265
7255164848106128168
7255163241784132413
7255158590574740243
7255153608643232523
7255152965677335333
7255147771764818699
7255146922741285695
7255146014767055631
7255145223977403195
7255144436538966803
7255141492980515619
7255141493168522040
7255140780377080635
7255140404193182499
7255138834844844840
7255136937811526461
7255136156198978361
7255135806175265576
7255135030569337663
7255131389674505021
7255128032431604539
7255127165221749538
7255124481412219682
7255122415050228536
7255119793504863013
7255113356481397541
7255109750214837026
7255108307181880099
7255107854880588605
7255097193870197565
7255096359598162746
7255091353511084834
7255079025684546358
7255051957559657251
7255027118986855226
7255025408281117440
7255025428434355000
7255012986833748770
7255011160319476538
7255008449573405451
7255003788565332748
7255003456212484901
7254995636574143269
7254993686919807804
7254989314907996967
7254964929685734201
7254964820696662839
7254951978899718924
7254948321143161641
7254911708161557260
7254864715226432293
7254807884167660299
7254756782727086887
7254661718680765222
7254660118053962529
7254659353696748299
7254650350455669541
7254645835018142520
7254643090609357606
7254638387301516066
7254637595044184888
7254632763638039336
7254628130722382632
7254627924320715535
7254626040285479713
7254621400915297076
7254620976607494912
7254619736171447074
7254619131843035944
7254614952361968417
7254614649470124852
7254614412874269478
7254613659288240934
7254613122316780303
7254611033486459683
7254611021695484707
7254610979378463523
7254610760545092386
7254610680081498932
7254610607533064993
7254610562930377506
7254610041297847073
7254609958858851083
7254609576200553220
7254609179741946676
7254608869649105696
7254608641193493300
7254608502507930383
7254608246912385827
7254608225478624011
7254607969307263778
7254607538099471108
7254607094996140804
7254606971680260902
7254606863253324544
7254606856018330372
7254606599921173263
7254606572202099490
7254606595307422468
7254606275584508711
7254605943273636640
7254605596904145667
7254605273809011516
7254605161280308002
7254604643631465271
7254604586392273704
7254604271638184742
7254604152692835129
7254603938879390496
7254603413597487924
7254603355841643323
7254602823832142627
7254601982144955171
7254601473529873184
7254601372296545028
7254601251518071610
7254601282932294403
7254601068507005699
7254600228308943631
7254599746013430528
7254599695225848636
7254599202587181861
7254599170690024204
7254598874018857783
7254597474571436858
7254585663964660538
7254584837344248635
7254579997444375307
7254577736180581179
7254577726642864930
7254577688839815973
7254568616712487684
7254565092443325188
7254564783277392679
7254560811191468815
7254547908732535611
7254544903379993381
7254543580450571064
7254533174662611771
7254529263490515715
7254522371061842703
7254522355757122316
7254508952276075301
7254502898725045024
7254480353425949475
7254479752870183732
7254479529736028980
7254472473508758327
7254469174084764448
7254456809821553443
7254448229155570469
7254441397045412648
7254440409374589730
7254440353569702711
7254431900667970339
7254425293607289640
7254422941017686845
7254370722360509188
7254340819791102755
7254330556299821861
7254330482900501308
7254323645613343503
7254323595227595553
7254323405632111420
7254322482282136372
7254320152225088316
7254316853764670212
7254316348094874425
7254311279816606476
7254310805315207995
7254310778495779644
7254310658673820468
7254310649912034052
7254310519170482976
7254310343106937633
7254303547654800160
7254302253464765240
7254302198016017155
7254302055550960384
7254301826198913807
7254301659634598688
7254300842634036024
7254299611040154426
7254298187078009658
7254292177513120564
7254291511788307256
7254291545195807547
7254290561582072634
7254290496910033679
7254281245072196413
7254279604725826362
7254278965245690639
7254278511992849192
7254273180464956216
7254271379163185972
7254270142862951200
7254269446134596356
7254269404090680067
7254269362524881725
7254268179457868596
7254267861953315619
7254267557648417588
7254267207118029602
7254266067156386616
7254265889255981828
7254265398455010082
7254264897751876352
7254264252713354023
7254264241791582976
7254264037935203087
7254263933657006905
7254263118648673080
7254262784862929675
7254262257831002918
7254262212927128378
7254262044924248871
7254261475623617314
7254261307695940410
7254260812448695055
7254260112881632000
7254260180526990095
7254259511627973432
7254259452710028043
7254259503192032000
7254259466336502586
7254259289955009336
7254259411483722553
7254258979085157180
7254258672724378423
7254258620060812093
7254258450108334883
7254258385632215811
7254257935395406651
7254257858467709757
7254257857489732392
7254257815731340071
7254257465617171258
7254257138938544934
7254256730757743400
7254256495306605368
7254255877036000011
7254255754911335180
7254255444436550461
7254255407412806452
7254255257016861500
7254254850606367522
7254254808273126159
7254254775889560381
7254254697044607800
7254254612588430120
7254254083572663044
7254254005445149495
7254253940429554444
7254253911816094504
7254253769121661753
7254253351910359846
7254253444935254784
7254253395182551869
7254253279126160186
7254253202315854632
7254252920559567620
7254252760421647144
7254252685728498443
7254252651473732386
7254252424767898402
7254252428961596200
7254251984672834363
7254252047174763325
7254251905337148200
7254251952182231811
7254251964966519610
7254251835753153315
7254251745022559009
7254251735052043063
7254251587923952388
7254251289357173565
7254251328078562100
7254251361808925480
7254251128317199144
7254251156208796456
7254251148600918844
7254250964705641271
7254250861450298171
7254250719234343714
7254250586366935812
7254204610918728508
7254250586366378756
7254250345546269475
7254250286465303356
7254250123516756773
7254249761346945803
7254249810235163452
7254249306574717757
7254249265932403496
7254249186114536204
7254248894161863476
7254248728277517059
7254248742920307513
7254248628305724218
7254248564104561467
7254248411589870395
7254248029048505091
7254247972719248180
7254247816306344764
7254246468352574269
7254246222625702713
7254245181578527527
7254245118340432672
7254245059515400992
7254244273914266402
7254244222760403715
7254243929418728207
7254243868119860020
7254243854197818168
7254243366559515430
7254242623002788619
7254242531306832652
7254242292051198757
7254240942176469792
7254240800032228154
7254240775596344120
7254240801528840960
7254240182916236092
7254240089185321740
7254240024966300474
7254239886167933729
7254239627534631683
7254239534421443384
7254239503517926144
7254239489819132704
7254239056699556665
7254238806528803599
7254238697510404925
7254238570981983028
7254238585665241915
7254238262516515587
7254237807186641723
7254237828060726054
7254236896477774653
7254236152599987004
7254236048992518969
7254234906007077687
7254234710782608128
7254234697138733881
7254234563995042593
7254234316272042785
7254234347921916712
7254234184104805155
7254234037488911163
7254233659447558947
7254233412302570255
7254230935213769472
7254230924401296163
7254230434409513789
7254228460846334772
7254228117921022755
7254226021934383883
7254226012765897511
7254225860927947535
7254222140298593063
7254221596192686905
7254217419014882088
7254572950182937404
7254825511095321356
7254218549002109757
7254247384590779193
7295685915573732115
7258581466606584633
7259266456091968271
7278184756695794444
7260200414901322531
7260114669150192442
7254292177513120564
7254425262346126113
7254606875333231398
7254867300238918455
7264345612426117925
7256411955542524726
7259277202427937576
7261881017400509224
7261032913138484028
7254749834283549495
7254425262346126113
7254606875333231398
7254867300238918455
7264345612426117925
7256411955542524726
7259277202427937576
7261881017400509224
7261032913138484028
7254749834283549495
7255292971792319267
7255566092508283685
7264944319186109240
7255020019234227004
7291876392442053411
7261504523150705419
7258083748490167074
7255292971792319267
7255566092508283685
7264944319186109240
7255020019234227004
7291876392442053411
7261504523150705419
7258083748490167074
7255005370526958392
7260813246654513920
7331619618840167231
7271117716093354793
7262140028209136424
7254951251544654646
7255005370526958392
7260813246654513920
7331619618840167231
7271117716093354793
7262140028209136424
7254951251544654646
7254217963325752125
7259018339787703075
7258313854987633464
7254221028536566560
7259003475983516427
7254217963325752125
7259018339787703075
7258313854987633464
7254221028536566560
7259003475983516427
